1925
1928
2413
2502
2503
2802
2914
3382
3402
3407
4063
4188
4452
4502
4503
4507
4519
4523
4528
4543
4568
4578
4661
4689
4901
4911
5020
5108
5401
5713
5802
6098
6178
6273
6301
6326
6367
6501
6502
6503
6594
6645
6702
6723
6752
6758
6861
6869
6902
6920
6954
6971
6981
7011
7201
7203
7267
7269
7270
7309
7733
7741
7751
7832
7974
8001
8002
8031
8035
8053
8058
8113
8267
8306
8308
8309
8316
8411
8591
8604
8630
8697
8725
8750
8766
8801
8802
8830
9020
9021
9022
9101
9202
9432
9433
9434
9735
9843
9983
9984
